1.55820756542137e+01
9.46434892776328e+00
1.52225173119576e+01
1.72701824875961e+01
6.89773888999557e+00
6.12971159454790e+00
6.11800041069276e+00
1.60637291580936e+00
6.29760388793754e+00
7.72846928222515e+00
9.70445694613584e+00
4.37178282045726e+00
3.93092669222825e+00
3.92240677588977e+00
1.06299988874562e+00
1.57843934419900e+00
1.05766477414909e+01
5.09950977476947e+00
3.37835030162743e+00
2.24466713417583e+00
1.44028509606293e+00
7.40535931026333e+00
8.71905362561542e+00
4.72736878844898e+00
4.37069024364738e+00
4.34135498607196e+00
1.20501485580165e+00
1.79865600677392e+00
2.61115904995831e+00
7.68307024177039e+00
4.19942716334039e+00
1.37478231432412e+00
1.77225368260877e+00
4.78687542937393e+00
1.76217882493329e+00
8.69483051180499e+00
5.74845775083308e+00
5.29360264364231e+00
4.95936374118307e+00
1.41889792338784e+00
2.10720510393672e+00
3.16587029979377e+00
1.11802925214367e+00
5.31549218619953e+00
3.47251973494088e+00
2.36979649939133e+00
1.61722596232142e+00
4.13090902002578e+00
1.96208499298507e+00
3.11035595240152e+00
9.60625326866051e+00
1.08469130852142e+01
9.79939000134906e+00
2.91905427487573e+00
4.21306233079319e+00
6.57506512880209e+00
2.23331044260918e+00
5.21632213157619e+00
8.93799144572369e+00
2.75595621146834e+00
3.82009503562168e+00
3.25311502075720e+00
5.21811338131345e+00
3.44817000300851e+00
2.59417895529395e+00
2.85693311760642e+00
8.92759355095615e+00
8.74629663620477e+00
2.85863900712970e+00
3.79197202597431e+00
6.00088316891638e+00
7.19665954728570e+00
4.79069994300935e+00
2.94046167783671e+00
3.43953492813555e+00
2.50273621957196e+00
3.61912420318244e+00
6.85275432300122e+00
2.04192304861281e+00
3.06504659247898e+00
5.26415167335550e+00
1.66303097697176e+00
2.56441707477689e+00
9.32947701877322e-01
2.58489584117070e+00
4.12859151990398e+00
2.28663676370937e+00
3.82964794909369e+00
3.61095362189393e+00
5.25487226882486e+00
5.82249467090032e+00
1.07144508732939e+01
2.99117497547736e+00
3.28812844316017e+00
1.47353749399156e+00
6.19356199594028e+00
2.69450886833208e+00
5.75966036424463e+00
5.68323459942891e+00
8.93007247773243e+00
2.76509710569215e+00
2.35468047501117e+00
7.69270828926170e-01
7.46006333221115e+00
2.07978309419443e+00
2.37136860607642e+00
3.25326186351020e+00
1.31077499037869e+00
6.02801503592667e-01
-6.88001458658912e-01
1.56443526454743e+00
4.65734833364246e+00
2.80629567717615e+00
1.27431605679313e+00
1.70977119914447e+00
4.12116324166748e+00
4.85546634234168e+00
1.25398186272333e-01
8.06497413504063e+00
1.01897256610095e+01
7.46125978326883e+00
7.11339403072333e+00
5.95524323961927e+00
4.22197494370012e+00
8.60683889415280e+00
8.72710875997120e+00
8.03383082711876e+00
5.04613319509834e+00
8.85683900867658e+00
7.62101530299101e+00
6.46464688254093e+00
6.55212064257339e+00
4.56549863695062e+00
6.76624952062100e+00
3.75619077445067e+00
3.56393506152361e+00
3.35313529779507e+00
2.57101213949564e+00
1.90788128537532e+00
6.38794016697916e+00
6.50572671878719e+00
4.99320444883165e+00
3.03049876824442e+00
2.79856369583712e+00
2.32966844508195e+00
6.70989625677785e+00
6.76977751943204e+00
4.34946945129002e+00
3.04477707123554e+00
2.67737720061866e+00
3.12291395255640e+00
1.39705382334005e+00
1.40105443518176e+00
1.16489609997819e+00
8.42177188443391e-01
4.37768069947857e+00
3.59066142369222e+00
2.63775398454073e+00
2.27950166015594e+00
5.02184206737780e+00
6.87875771610733e+00
5.60708747251875e+00
2.82770054204441e+00
1.52562714944896e+00
4.33773067639742e+00
