1.45762712538592e+01
8.17547097264027e+00
1.34935004297039e+01
1.51631117206745e+01
5.60264518448002e+00
5.17145304827114e+00
5.22438700078515e+00
1.16264615100996e+00
6.85545041645370e+00
8.00737383735650e+00
9.87196772828356e+00
4.18676802023834e+00
3.96854649927717e+00
4.01406225900962e+00
9.96553993980703e-01
1.55111073023639e+00
1.01930917223432e+01
4.60118719389804e+00
3.10854450630754e+00
2.05126073785531e+00
1.23522458480280e+00
7.52584154554602e+00
8.71589172947683e+00
4.46686844397610e+00
4.37109196538318e+00
4.37113645504753e+00
1.13328852560901e+00
1.75074329321405e+00
2.67318943247869e+00
7.64438990121417e+00
4.22808752104833e+00
1.31738281530432e+00
1.77239369711016e+00
4.49746267281629e+00
1.63428039586441e+00
9.08733496744059e+00
5.91267414331364e+00
5.75247653458915e+00
5.30061889132088e+00
1.41914314668560e+00
2.15554722546014e+00
3.40388106379579e+00
1.04542686999002e+00
5.43731526390818e+00
3.60563842034525e+00
2.44266143700941e+00
1.58058287799929e+00
4.32431256346600e+00
1.98964978811347e+00
3.11818646131182e+00
9.68804861505125e+00
1.11123041034223e+01
9.80823723834117e+00
2.91033430066042e+00
4.13851197426956e+00
6.65996804502630e+00
2.10439115175088e+00
5.11052477666603e+00
9.19835669542927e+00
2.74239023131055e+00
3.86429121239979e+00
3.73411425655096e+00
5.26386761243272e+00
3.46657832475513e+00
2.58476929090712e+00
2.91191329497325e+00
1.02546712140611e+01
8.83571382126689e+00
2.96241553884862e+00
3.78054682004181e+00
6.13645048514822e+00
7.26302089048257e+00
4.81220558231597e+00
2.85224683054859e+00
3.48853566633755e+00
2.72132380550646e+00
3.62314273246953e+00
6.93630451592436e+00
2.14843522392245e+00
3.03290065405816e+00
5.46298035178196e+00
1.50120784569063e+00
2.56375602085072e+00
2.16173207766061e+00
2.65133552689190e+00
4.18775644571193e+00
2.78148991416744e+00
3.83403131342060e+00
3.79644587382452e+00
3.73050022836667e+00
5.18958490358106e+00
1.05809232957827e+01
2.61804752592204e+00
3.12977901171682e+00
2.74453408178338e+00
5.86385527693689e+00
2.47198115218348e+00
5.67161553052615e+00
6.50715692790026e+00
9.63387453894346e+00
2.81362604139439e+00
2.59978988375555e+00
2.37808865466066e+00
7.75765189515420e+00
2.69093343178613e+00
2.58911872603336e+00
2.71681576267686e+00
7.44183374383876e-01
6.51944897118836e-01
7.01613571219871e-01
1.32518486327014e+00
3.85914607531455e+00
3.26464305478716e+00
3.28521834975683e+00
2.48991552823583e+00
4.93350662251585e+00
7.37078344165952e+00
2.30012614304181e+00
1.00076713654463e+01
1.03722717461992e+01
9.13518467730228e+00
7.12599567419753e+00
5.82770609716130e+00
4.69344783258598e+00
8.63694532381759e+00
8.77874115724620e+00
8.13033885886196e+00
5.78626795441892e+00
8.54229769140757e+00
7.61196455582592e+00
6.49283492881110e+00
6.57785596954740e+00
5.12801303179607e+00
6.75346305442356e+00
3.71958622521819e+00
3.46187385447319e+00
3.25915141197028e+00
2.52599719455696e+00
2.10264835573959e+00
7.44385892316234e+00
6.82203328942844e+00
5.17666719169563e+00
3.13880285962315e+00
2.86763755421959e+00
2.61416711110111e+00
6.41109785582249e+00
6.61375444928673e+00
4.34461574907385e+00
3.04991480044529e+00
2.66104735908493e+00
2.85325580675053e+00
1.57600532837470e+00
1.42240554959884e+00
1.18227023518431e+00
1.21782215641325e+00
4.81462195495592e+00
3.27936060332503e+00
2.56078091627149e+00
2.83222929959349e+00
4.60355917771875e+00
6.97269852881189e+00
6.70072661698126e+00
2.33614846059364e+00
3.02390112302146e+00
9.60589028841702e+00
